FINCH.Epoch	visibilityVector.Active	
31041.5004282	0.0000000	
31041.5005440	0.0000000	
31041.5006597	0.0000000	
31041.5007755	0.0000000	
31041.5008912	0.0000000	
31041.5010069	0.0000000	
31041.5011227	0.0000000	
31041.5012384	0.0000000	
31041.5013542	0.0000000	
31041.5014699	0.0000000	
31041.5015856	0.0000000	
31041.5017014	0.0000000	
31041.5018171	0.0000000	
31041.5019329	0.0000000	
31041.5020486	0.0000000	
31041.5021644	0.0000000	
31041.5022801	0.0000000	
31041.5023958	0.0000000	
31041.5025116	0.0000000	
31041.5026273	0.0000000	
31041.5027431	0.0000000	
31041.5028588	0.0000000	
31041.5029745	0.0000000	
31041.5030903	0.0000000	
31041.5032060	0.0000000	
31041.5033218	0.0000000	
31041.5034375	0.0000000	
31041.5035532	0.0000000	
31041.5036690	0.0000000	
31041.5037847	0.0000000	
31041.5039005	0.0000000	
31041.5040162	0.0000000	
31041.5041319	0.0000000	
31041.5042477	0.0000000	
31041.5043634	0.0000000	
31041.5044792	0.0000000	
31041.5045949	0.0000000	
31041.5047106	0.0000000	
31041.5048264	0.0000000	
31041.5049421	0.0000000	
31041.5050579	0.0000000	
31041.5051736	0.0000000	
31041.5052894	0.0000000	
31041.5054051	0.0000000	
31041.5055208	0.0000000	
31041.5056366	0.0000000	
31041.5057523	0.0000000	
31041.5058681	0.0000000	
31041.5059838	0.0000000	
31041.5060995	0.0000000	
31041.5062153	0.0000000	
31041.5063310	0.0000000	
31041.5064468	0.0000000	
31041.5065625	0.0000000	
31041.5066782	0.0000000	
31041.5067940	0.0000000	
31041.5069097	0.0000000	
31041.5070255	0.0000000	
31041.5071412	0.0000000	
31041.5072569	0.0000000	
31041.5073727	0.0000000	
31041.5074884	0.0000000	
31041.5076042	0.0000000	
31041.5077199	0.0000000	
31041.5078356	0.0000000	
31041.5079514	0.0000000	
31041.5080671	0.0000000	
31041.5081829	0.0000000	
31041.5082986	0.0000000	
31041.5084144	0.0000000	
31041.5085301	0.0000000	
31041.5086458	0.0000000	
31041.5087616	0.0000000	
31041.5088773	0.0000000	
31041.5089931	0.0000000	
31041.5091088	0.0000000	
31041.5092245	0.0000000	
31041.5093403	0.0000000	
31041.5094560	0.0000000	
31041.5095718	0.0000000	
31041.5096875	0.0000000	
31041.5098032	0.0000000	
31041.5099190	0.0000000	
31041.5100347	0.0000000	
31041.5101505	0.0000000	
31041.5102662	0.0000000	
31041.5103819	0.0000000	
31041.5104977	0.0000000	
31041.5106134	0.0000000	
31041.5107292	0.0000000	
31041.5108449	0.0000000	
31041.5109606	0.0000000	
31041.5110764	0.0000000	
31041.5111921	0.0000000	
31041.5113079	0.0000000	
31041.5114236	0.0000000	
31041.5115394	0.0000000	
31041.5116551	0.0000000	
31041.5117708	0.0000000	
31041.5118866	0.0000000	
31041.5120023	0.0000000	
31041.5121181	0.0000000	
31041.5122338	0.0000000	
31041.5123495	0.0000000	
31041.5124653	0.0000000	
31041.5125810	0.0000000	
31041.5126968	0.0000000	
31041.5128125	0.0000000	
31041.5129282	0.0000000	
31041.5130440	0.0000000	
31041.5131597	0.0000000	
31041.5132755	0.0000000	
31041.5133912	0.0000000	
31041.5135069	0.0000000	
31041.5136227	0.0000000	
31041.5137384	0.0000000	
31041.5138542	0.0000000	
31041.5139699	0.0000000	
31041.5140856	0.0000000	
31041.5142014	0.0000000	
31041.5143171	0.0000000	
31041.5144329	0.0000000	
31041.5145486	0.0000000	
31041.5146644	0.0000000	
31041.5147801	0.0000000	
31041.5148958	0.0000000	
31041.5150116	0.0000000	
31041.5151273	0.0000000	
31041.5152431	0.0000000	
31041.5153588	0.0000000	
31041.5154745	0.0000000	
31041.5155903	0.0000000	
31041.5157060	0.0000000	
31041.5158218	0.0000000	
31041.5159375	0.0000000	
31041.5160532	0.0000000	
31041.5161690	0.0000000	
31041.5162847	0.0000000	
31041.5164005	0.0000000	
31041.5165162	0.0000000	
31041.5166319	0.0000000	
31041.5167477	0.0000000	
31041.5168634	0.0000000	
31041.5169792	0.0000000	
31041.5170949	0.0000000	
31041.5172106	0.0000000	
31041.5173264	0.0000000	
31041.5174421	0.0000000	
31041.5175579	0.0000000	
31041.5176736	0.0000000	
31041.5177894	0.0000000	
31041.5179051	0.0000000	
31041.5180208	0.0000000	
31041.5181366	0.0000000	
31041.5182523	0.0000000	
31041.5183681	0.0000000	
31041.5184838	0.0000000	
31041.5185995	0.0000000	
31041.5187153	0.0000000	
31041.5188310	0.0000000	
31041.5189468	0.0000000	
31041.5190625	0.0000000	
31041.5191782	0.0000000	
31041.5192940	0.0000000	
31041.5194097	0.0000000	
31041.5195255	0.0000000	
31041.5196412	0.0000000	
31041.5197569	0.0000000	
31041.5198727	0.0000000	
31041.5199884	0.0000000	
31041.5201042	0.0000000	
31041.5202199	0.0000000	
31041.5203356	0.0000000	
31041.5204514	0.0000000	
31041.5205671	0.0000000	
31041.5206829	0.0000000	
31041.5207986	0.0000000	
31041.5209144	0.0000000	
31041.5210301	0.0000000	
31041.5211458	0.0000000	
31041.5212616	0.0000000	
31041.5213773	0.0000000	
31041.5214931	0.0000000	
31041.5216088	0.0000000	
31041.5217245	0.0000000	
31041.5218403	0.0000000	
31041.5219560	0.0000000	
31041.5220718	0.0000000	
31041.5221875	0.0000000	
31041.5223032	0.0000000	
31041.5224190	0.0000000	
31041.5225347	0.0000000	
31041.5226505	0.0000000	
31041.5227662	0.0000000	
31041.5228819	0.0000000	
31041.5229977	0.0000000	
31041.5231134	0.0000000	
31041.5232292	0.0000000	
31041.5233449	0.0000000	
31041.5234606	0.0000000	
31041.5235764	0.0000000	
31041.5236921	0.0000000	
31041.5238079	0.0000000	
31041.5239236	0.0000000	
31041.5240394	0.0000000	
31041.5241551	0.0000000	
31041.5242708	0.0000000	
31041.5243866	0.0000000	
31041.5245023	0.0000000	
31041.5246181	0.0000000	
31041.5247338	0.0000000	
31041.5248495	0.0000000	
31041.5249653	0.0000000	
31041.5250810	0.0000000	
31041.5251968	0.0000000	
31041.5253125	0.0000000	
31041.5254282	0.0000000	
31041.5255440	0.0000000	
31041.5256597	0.0000000	
31041.5257755	0.0000000	
31041.5258912	0.0000000	
31041.5260069	0.0000000	
31041.5261227	0.0000000	
31041.5262384	0.0000000	
31041.5263542	0.0000000	
31041.5264699	0.0000000	
31041.5265856	0.0000000	
31041.5267014	0.0000000	
31041.5268171	0.0000000	
31041.5269329	0.0000000	
31041.5270486	0.0000000	
31041.5271644	0.0000000	
31041.5272801	0.0000000	
31041.5273958	0.0000000	
31041.5275116	0.0000000	
31041.5276273	0.0000000	
31041.5277431	0.0000000	
31041.5278588	0.0000000	
31041.5279745	0.0000000	
31041.5280903	0.0000000	
31041.5282060	0.0000000	
31041.5283218	0.0000000	
31041.5284375	0.0000000	
31041.5285532	0.0000000	
31041.5286690	0.0000000	
31041.5287847	0.0000000	
31041.5289005	0.0000000	
31041.5290162	0.0000000	
31041.5291319	0.0000000	
31041.5292477	0.0000000	
31041.5293634	0.0000000	
31041.5294792	0.0000000	
31041.5295949	0.0000000	
31041.5297106	0.0000000	
31041.5298264	0.0000000	
31041.5299421	0.0000000	
31041.5300579	0.0000000	
31041.5301736	0.0000000	
31041.5302894	0.0000000	
31041.5304051	0.0000000	
31041.5305208	0.0000000	
31041.5306366	0.0000000	
31041.5307523	0.0000000	
31041.5308681	0.0000000	
31041.5309838	0.0000000	
31041.5310995	0.0000000	
31041.5312153	0.0000000	
31041.5313310	0.0000000	
31041.5314468	0.0000000	
31041.5315625	0.0000000	
31041.5316782	0.0000000	
31041.5317940	0.0000000	
31041.5319097	0.0000000	
31041.5320255	0.0000000	
31041.5321412	0.0000000	
31041.5322569	0.0000000	
31041.5323727	0.0000000	
31041.5324884	0.0000000	
31041.5326042	0.0000000	
31041.5327199	0.0000000	
31041.5328356	0.0000000	
31041.5329514	0.0000000	
31041.5330671	0.0000000	
31041.5331829	0.0000000	
31041.5332986	0.0000000	
31041.5334144	0.0000000	
31041.5335301	0.0000000	
31041.5336458	0.0000000	
31041.5337616	0.0000000	
31041.5338773	0.0000000	
31041.5339931	0.0000000	
31041.5341088	0.0000000	
31041.5342245	0.0000000	
31041.5343403	0.0000000	
31041.5344560	0.0000000	
31041.5345718	0.0000000	
31041.5346875	0.0000000	
31041.5348032	0.0000000	
31041.5349190	0.0000000	
31041.5350347	0.0000000	
31041.5351505	0.0000000	
31041.5352662	0.0000000	
31041.5353819	0.0000000	
31041.5354977	0.0000000	
31041.5356134	0.0000000	
31041.5357292	0.0000000	
31041.5358449	0.0000000	
31041.5359606	0.0000000	
31041.5360764	0.0000000	
31041.5361921	0.0000000	
31041.5363079	0.0000000	
31041.5364236	0.0000000	
31041.5365394	0.0000000	
31041.5366551	0.0000000	
31041.5367708	0.0000000	
31041.5368866	0.0000000	
31041.5370023	0.0000000	
31041.5371181	0.0000000	
31041.5372338	0.0000000	
31041.5373495	0.0000000	
31041.5374653	0.0000000	
31041.5375810	0.0000000	
31041.5376968	0.0000000	
31041.5378125	0.0000000	
31041.5379282	0.0000000	
31041.5380440	0.0000000	
31041.5381597	0.0000000	
31041.5382755	0.0000000	
31041.5383912	0.0000000	
31041.5385069	0.0000000	
31041.5386227	0.0000000	
31041.5387384	0.0000000	
31041.5388542	0.0000000	
31041.5389699	0.0000000	
31041.5390856	0.0000000	
31041.5392014	0.0000000	
31041.5393171	0.0000000	
31041.5394329	0.0000000	
31041.5395486	0.0000000	
31041.5396644	0.0000000	
31041.5397801	0.0000000	
31041.5398958	0.0000000	
31041.5400116	0.0000000	
31041.5401273	0.0000000	
31041.5402431	0.0000000	
31041.5403588	0.0000000	
31041.5404745	0.0000000	
31041.5405903	0.0000000	
31041.5407060	0.0000000	
31041.5408218	0.0000000	
31041.5409375	0.0000000	
31041.5410532	0.0000000	
31041.5411690	0.0000000	
31041.5412847	0.0000000	
31041.5414005	0.0000000	
31041.5415162	0.0000000	
31041.5416319	0.0000000	
31041.5417477	0.0000000	
31041.5418634	0.0000000	
31041.5419792	0.0000000	
31041.5420949	0.0000000	
31041.5422106	0.0000000	
31041.5423264	0.0000000	
31041.5424421	0.0000000	
31041.5425579	0.0000000	
31041.5426736	0.0000000	
31041.5427894	0.0000000	
31041.5429051	0.0000000	
31041.5430208	0.0000000	
31041.5431366	0.0000000	
31041.5432523	0.0000000	
31041.5433681	0.0000000	
31041.5434838	0.0000000	
31041.5435995	0.0000000	
31041.5437153	0.0000000	
31041.5438310	0.0000000	
31041.5439468	0.0000000	
31041.5440625	0.0000000	
31041.5441782	0.0000000	
31041.5442940	0.0000000	
31041.5444097	0.0000000	
31041.5445255	0.0000000	
31041.5446412	0.0000000	
31041.5447569	0.0000000	
31041.5448727	0.0000000	
31041.5449884	0.0000000	
31041.5451042	0.0000000	
31041.5452199	0.0000000	
31041.5453356	0.0000000	
31041.5454514	0.0000000	
31041.5455671	0.0000000	
31041.5456829	0.0000000	
31041.5457986	0.0000000	
31041.5459144	0.0000000	
31041.5460301	0.0000000	
31041.5461458	0.0000000	
31041.5462616	0.0000000	
31041.5463773	0.0000000	
31041.5464931	0.0000000	
31041.5466088	0.0000000	
31041.5467245	0.0000000	
31041.5468403	0.0000000	
31041.5469560	0.0000000	
31041.5470718	0.0000000	
31041.5471875	0.0000000	
31041.5473032	0.0000000	
31041.5474190	0.0000000	
31041.5475347	0.0000000	
31041.5476505	0.0000000	
31041.5477662	0.0000000	
31041.5478819	0.0000000	
31041.5479977	0.0000000	
31041.5481134	0.0000000	
31041.5482292	0.0000000	
31041.5483449	0.0000000	
31041.5484606	0.0000000	
31041.5485764	0.0000000	
31041.5486921	0.0000000	
31041.5488079	0.0000000	
31041.5489236	0.0000000	
31041.5490394	0.0000000	
31041.5491551	0.0000000	
31041.5492708	0.0000000	
31041.5493866	0.0000000	
31041.5495023	0.0000000	
31041.5496181	0.0000000	
31041.5497338	0.0000000	
31041.5498495	0.0000000	
31041.5499653	0.0000000	
31041.5500810	0.0000000	
31041.5501968	0.0000000	
31041.5503125	0.0000000	
31041.5504282	0.0000000	
31041.5505440	0.0000000	
31041.5506597	0.0000000	
31041.5507755	0.0000000	
31041.5508912	0.0000000	
31041.5510069	0.0000000	
31041.5511227	0.0000000	
31041.5512384	0.0000000	
31041.5513542	0.0000000	
31041.5514699	0.0000000	
31041.5515856	0.0000000	
31041.5517014	0.0000000	
31041.5518171	0.0000000	
31041.5519329	0.0000000	
31041.5520486	0.0000000	
31041.5521644	0.0000000	
31041.5522801	0.0000000	
31041.5523958	0.0000000	
31041.5525116	0.0000000	
31041.5526273	0.0000000	
31041.5527431	0.0000000	
31041.5528588	0.0000000	
31041.5529745	0.0000000	
31041.5530903	0.0000000	
31041.5532060	0.0000000	
31041.5533218	0.0000000	
31041.5534375	0.0000000	
31041.5535532	0.0000000	
31041.5536690	0.0000000	
31041.5537847	0.0000000	
31041.5539005	0.0000000	
31041.5540162	0.0000000	
31041.5541319	0.0000000	
31041.5542477	0.0000000	
31041.5543634	0.0000000	
31041.5544792	0.0000000	
31041.5545949	0.0000000	
31041.5547106	0.0000000	
31041.5548264	0.0000000	
31041.5549421	0.0000000	
31041.5550579	0.0000000	
31041.5551736	0.0000000	
31041.5552894	0.0000000	
31041.5554051	0.0000000	
31041.5555208	0.0000000	
31041.5556366	0.0000000	
31041.5557523	0.0000000	
31041.5558681	0.0000000	
31041.5559838	0.0000000	
31041.5560995	0.0000000	
31041.5562153	0.0000000	
31041.5563310	0.0000000	
31041.5564468	0.0000000	
31041.5565625	0.0000000	
31041.5566782	0.0000000	
31041.5567940	0.0000000	
31041.5569097	0.0000000	
31041.5570255	0.0000000	
31041.5571412	0.0000000	
31041.5572569	0.0000000	
31041.5573727	0.0000000	
31041.5574884	0.0000000	
31041.5576042	0.0000000	
31041.5577199	0.0000000	
31041.5578356	0.0000000	
31041.5579514	0.0000000	
31041.5580671	0.0000000	
31041.5581829	0.0000000	
31041.5582986	0.0000000	
31041.5584144	0.0000000	
31041.5585301	0.0000000	
31041.5586458	0.0000000	
31041.5587616	0.0000000	
31041.5588773	0.0000000	
31041.5589931	0.0000000	
31041.5591088	0.0000000	
31041.5592245	0.0000000	
31041.5593403	0.0000000	
31041.5594560	0.0000000	
31041.5595718	0.0000000	
31041.5596875	0.0000000	
31041.5598032	0.0000000	
31041.5599190	0.0000000	
31041.5600347	0.0000000	
31041.5601505	0.0000000	
31041.5602662	0.0000000	
31041.5603819	0.0000000	
31041.5604977	0.0000000	
31041.5606134	0.0000000	
31041.5607292	0.0000000	
31041.5608449	0.0000000	
31041.5609606	0.0000000	
31041.5610764	0.0000000	
31041.5611921	0.0000000	
31041.5613079	0.0000000	
31041.5614236	0.0000000	
31041.5615394	0.0000000	
31041.5616551	0.0000000	
31041.5617708	0.0000000	
31041.5618866	0.0000000	
31041.5620023	0.0000000	
31041.5621181	0.0000000	
31041.5622338	0.0000000	
31041.5623495	0.0000000	
31041.5624653	0.0000000	
31041.5625810	0.0000000	
31041.5626968	0.0000000	
31041.5628125	0.0000000	
31041.5629282	0.0000000	
31041.5630440	0.0000000	
31041.5631597	0.0000000	
31041.5632755	0.0000000	
31041.5633912	0.0000000	
31041.5635069	0.0000000	
31041.5636227	0.0000000	
31041.5637384	0.0000000	
31041.5638542	0.0000000	
31041.5639699	0.0000000	
31041.5640856	0.0000000	
31041.5642014	0.0000000	
31041.5643171	0.0000000	
31041.5644329	0.0000000	
31041.5645486	0.0000000	
31041.5646644	0.0000000	
31041.5647801	0.0000000	
31041.5648958	0.0000000	
31041.5650116	0.0000000	
31041.5651273	0.0000000	
31041.5652431	0.0000000	
31041.5653588	0.0000000	
31041.5654745	0.0000000	
31041.5655903	0.0000000	
31041.5657060	0.0000000	
31041.5658218	0.0000000	
31041.5659375	0.0000000	
31041.5660532	0.0000000	
31041.5661690	0.0000000	
31041.5662847	0.0000000	
31041.5664005	0.0000000	
31041.5665162	0.0000000	
31041.5666319	0.0000000	
31041.5667477	0.0000000	
31041.5668634	0.0000000	
31041.5669792	0.0000000	
31041.5670949	0.0000000	
31041.5672106	0.0000000	
31041.5673264	0.0000000	
31041.5674421	0.0000000	
31041.5675579	0.0000000	
31041.5676736	0.0000000	
31041.5677894	0.0000000	
31041.5679051	0.0000000	
31041.5680208	0.0000000	
31041.5681366	0.0000000	
31041.5682523	0.0000000	
31041.5683681	0.0000000	
31041.5684838	0.0000000	
31041.5685995	0.0000000	
31041.5687153	0.0000000	
31041.5688310	0.0000000	
31041.5689468	0.0000000	
31041.5690625	0.0000000	
31041.5691782	0.0000000	
31041.5692940	0.0000000	
31041.5694097	0.0000000	
31041.5695255	0.0000000	
31041.5696412	0.0000000	
31041.5697569	0.0000000	
31041.5698727	0.0000000	
31041.5699884	0.0000000	
31041.5701042	0.0000000	
31041.5702199	0.0000000	
31041.5703356	0.0000000	
31041.5704514	0.0000000	
31041.5705671	0.0000000	
31041.5706829	0.0000000	
31041.5707986	0.0000000	
31041.5709144	0.0000000	
31041.5710301	0.0000000	
31041.5711458	0.0000000	
31041.5712616	0.0000000	
31041.5713773	0.0000000	
31041.5714931	0.0000000	
31041.5716088	0.0000000	
31041.5717245	0.0000000	
31041.5718403	0.0000000	
31041.5719560	0.0000000	
31041.5720718	0.0000000	
31041.5721875	0.0000000	
31041.5723032	0.0000000	
31041.5724190	0.0000000	
31041.5725347	0.0000000	
31041.5726505	0.0000000	
31041.5727662	0.0000000	
31041.5728819	0.0000000	
31041.5729977	0.0000000	
31041.5731134	0.0000000	
31041.5732292	0.0000000	
31041.5733449	0.0000000	
31041.5734606	0.0000000	
31041.5735764	0.0000000	
31041.5736921	0.0000000	
31041.5738079	0.0000000	
31041.5739236	0.0000000	
31041.5740394	0.0000000	
31041.5741551	0.0000000	
31041.5742708	0.0000000	
31041.5743866	0.0000000	
31041.5745023	0.0000000	
31041.5746181	0.0000000	
31041.5747338	0.0000000	
31041.5748495	0.0000000	
31041.5749653	0.0000000	
31041.5750810	0.0000000	
31041.5751968	0.0000000	
31041.5753125	0.0000000	
31041.5754282	0.0000000	
31041.5755440	0.0000000	
31041.5756597	0.0000000	
31041.5757755	0.0000000	
31041.5758912	0.0000000	
31041.5760069	0.0000000	
31041.5761227	0.0000000	
31041.5762384	0.0000000	
31041.5763542	0.0000000	
31041.5764699	0.0000000	
31041.5765856	0.0000000	
31041.5767014	0.0000000	
31041.5768171	0.0000000	
31041.5769329	0.0000000	
31041.5770486	0.0000000	
31041.5771644	0.0000000	
31041.5772801	0.0000000	
31041.5773958	0.0000000	
31041.5775116	0.0000000	
31041.5776273	0.0000000	
31041.5777431	0.0000000	
31041.5778588	0.0000000	
31041.5779745	0.0000000	
31041.5780903	0.0000000	
31041.5782060	0.0000000	
31041.5783218	0.0000000	
31041.5784375	0.0000000	
31041.5785532	0.0000000	
31041.5786690	0.0000000	
31041.5787847	0.0000000	
31041.5789005	0.0000000	
31041.5790162	0.0000000	
31041.5791319	0.0000000	
31041.5792477	0.0000000	
31041.5793634	0.0000000	
31041.5794792	0.0000000	
31041.5795949	0.0000000	
31041.5797106	0.0000000	
31041.5798264	0.0000000	
31041.5799421	0.0000000	
31041.5800579	0.0000000	
31041.5801736	0.0000000	
31041.5802894	0.0000000	
31041.5804051	0.0000000	
31041.5805208	0.0000000	
31041.5806366	0.0000000	
31041.5807523	0.0000000	
31041.5808681	0.0000000	
31041.5809838	0.0000000	
31041.5810995	0.0000000	
31041.5812153	0.0000000	
31041.5813310	0.0000000	
31041.5814468	0.0000000	
31041.5815625	0.0000000	
31041.5816782	0.0000000	
31041.5817940	0.0000000	
31041.5819097	0.0000000	
31041.5820255	0.0000000	
31041.5821412	0.0000000	
31041.5822569	0.0000000	
31041.5823727	0.0000000	
31041.5824884	0.0000000	
31041.5826042	0.0000000	
31041.5827199	0.0000000	
31041.5828356	0.0000000	
31041.5829514	0.0000000	
31041.5830671	0.0000000	
31041.5831829	0.0000000	
31041.5832986	0.0000000	
31041.5834144	0.0000000	
31041.5835301	0.0000000	
31041.5836458	0.0000000	
31041.5837616	0.0000000	
31041.5838773	0.0000000	
31041.5839931	0.0000000	
31041.5841088	0.0000000	
31041.5842245	0.0000000	
31041.5843403	0.0000000	
31041.5844560	0.0000000	
31041.5845718	0.0000000	
31041.5846875	0.0000000	
31041.5848032	0.0000000	
31041.5849190	0.0000000	
31041.5850347	0.0000000	
31041.5851505	0.0000000	
31041.5852662	0.0000000	
31041.5853819	0.0000000	
31041.5854977	0.0000000	
31041.5856134	0.0000000	
31041.5857292	0.0000000	
31041.5858449	0.0000000	
31041.5859606	0.0000000	
31041.5860764	0.0000000	
31041.5861921	0.0000000	
31041.5863079	0.0000000	
31041.5864236	0.0000000	
31041.5865394	0.0000000	
31041.5866551	0.0000000	
31041.5867708	0.0000000	
31041.5868866	0.0000000	
31041.5870023	0.0000000	
31041.5871181	0.0000000	
31041.5872338	0.0000000	
31041.5873495	0.0000000	
31041.5874653	0.0000000	
31041.5875810	0.0000000	
31041.5876968	0.0000000	
31041.5878125	0.0000000	
31041.5879282	0.0000000	
31041.5880440	0.0000000	
31041.5881597	0.0000000	
31041.5882755	0.0000000	
31041.5883912	0.0000000	
31041.5885069	0.0000000	
31041.5886227	0.0000000	
31041.5887384	0.0000000	
31041.5888542	0.0000000	
31041.5889699	0.0000000	
31041.5890856	0.0000000	
31041.5892014	0.0000000	
31041.5893171	0.0000000	
31041.5894329	0.0000000	
31041.5895486	0.0000000	
31041.5896644	0.0000000	
31041.5897801	0.0000000	
31041.5898958	0.0000000	
31041.5900116	0.0000000	
31041.5901273	0.0000000	
31041.5902431	0.0000000	
31041.5903588	0.0000000	
31041.5904745	0.0000000	
31041.5905903	0.0000000	
31041.5907060	0.0000000	
31041.5908218	0.0000000	
31041.5909375	0.0000000	
31041.5910532	0.0000000	
31041.5911690	0.0000000	
31041.5912847	0.0000000	
31041.5914005	0.0000000	
31041.5915162	0.0000000	
31041.5916319	0.0000000	
31041.5917477	0.0000000	
31041.5918634	0.0000000	
31041.5919792	0.0000000	
31041.5920949	0.0000000	
31041.5922106	0.0000000	
31041.5923264	0.0000000	
31041.5924421	0.0000000	
31041.5925579	0.0000000	
31041.5926736	0.0000000	
31041.5927894	0.0000000	
31041.5929051	0.0000000	
31041.5930208	0.0000000	
31041.5931366	0.0000000	
31041.5932523	0.0000000	
31041.5933681	0.0000000	
31041.5934838	0.0000000	
31041.5935995	0.0000000	
31041.5937153	0.0000000	
31041.5938310	0.0000000	
31041.5939468	0.0000000	
31041.5940625	0.0000000	
31041.5941782	0.0000000	
31041.5942940	0.0000000	
31041.5944097	0.0000000	
31041.5945255	0.0000000	
31041.5946412	0.0000000	
31041.5947569	0.0000000	
31041.5948727	0.0000000	
31041.5949884	0.0000000	
31041.5951042	0.0000000	
31041.5952199	0.0000000	
31041.5953356	0.0000000	
31041.5954514	0.0000000	
31041.5955671	0.0000000	
31041.5956829	0.0000000	
31041.5957986	0.0000000	
31041.5959144	0.0000000	
31041.5960301	0.0000000	
31041.5961458	0.0000000	
31041.5962616	0.0000000	
31041.5963773	0.0000000	
31041.5964931	0.0000000	
31041.5966088	0.0000000	
31041.5967245	0.0000000	
31041.5968403	0.0000000	
31041.5969560	0.0000000	
31041.5970718	0.0000000	
31041.5971875	0.0000000	
31041.5973032	0.0000000	
31041.5974190	0.0000000	
31041.5975347	0.0000000	
31041.5976505	0.0000000	
31041.5977662	0.0000000	
31041.5978819	0.0000000	
31041.5979977	0.0000000	
31041.5981134	0.0000000	
31041.5982292	0.0000000	
31041.5983449	0.0000000	
31041.5984606	0.0000000	
31041.5985764	0.0000000	
31041.5986921	0.0000000	
31041.5988079	0.0000000	
31041.5989236	0.0000000	
31041.5990394	0.0000000	
31041.5991551	0.0000000	
31041.5992708	0.0000000	
31041.5993866	0.0000000	
31041.5995023	0.0000000	
31041.5996181	0.0000000	
31041.5997338	0.0000000	
31041.5998495	0.0000000	
31041.5999653	0.0000000	
31041.6000810	0.0000000	
31041.6001968	0.0000000	
31041.6003125	0.0000000	
31041.6004282	0.0000000	
31041.6005440	0.0000000	
31041.6006597	0.0000000	
31041.6007755	0.0000000	
31041.6008912	0.0000000	
31041.6010069	0.0000000	
31041.6011227	0.0000000	
31041.6012384	0.0000000	
31041.6013542	0.0000000	
31041.6014699	0.0000000	
31041.6015856	0.0000000	
31041.6017014	0.0000000	
31041.6018171	0.0000000	
31041.6019329	0.0000000	
31041.6020486	0.0000000	
31041.6021644	0.0000000	
31041.6022801	0.0000000	
31041.6023958	0.0000000	
31041.6025116	0.0000000	
31041.6026273	0.0000000	
31041.6027431	0.0000000	
31041.6028588	0.0000000	
31041.6029745	0.0000000	
31041.6030903	0.0000000	
31041.6032060	0.0000000	
31041.6033218	0.0000000	
31041.6034375	0.0000000	
31041.6035532	0.0000000	
31041.6036690	0.0000000	
31041.6037847	0.0000000	
31041.6039005	0.0000000	
31041.6040162	0.0000000	
31041.6041319	0.0000000	
31041.6042477	0.0000000	
31041.6043634	0.0000000	
31041.6044792	0.0000000	
31041.6045949	0.0000000	
31041.6047106	0.0000000	
31041.6048264	0.0000000	
31041.6049421	0.0000000	
31041.6050579	0.0000000	
31041.6051736	0.0000000	
31041.6052894	0.0000000	
31041.6054051	0.0000000	
31041.6055208	0.0000000	
31041.6056366	0.0000000	
31041.6057523	0.0000000	
31041.6058681	0.0000000	
31041.6059838	0.0000000	
31041.6060995	0.0000000	
31041.6062153	0.0000000	
31041.6063310	0.0000000	
31041.6064468	0.0000000	
31041.6065625	0.0000000	
31041.6066782	0.0000000	
31041.6067940	0.0000000	
31041.6069097	0.0000000	
31041.6070255	0.0000000	
31041.6071412	0.0000000	
31041.6072569	0.0000000	
31041.6073727	0.0000000	
31041.6074884	0.0000000	
31041.6076042	0.0000000	
31041.6077199	0.0000000	
31041.6078356	0.0000000	
31041.6079514	0.0000000	
31041.6080671	0.0000000	
31041.6081829	0.0000000	
31041.6082986	0.0000000	
31041.6084144	0.0000000	
31041.6085301	0.0000000	
31041.6086458	0.0000000	
31041.6087616	0.0000000	
31041.6088773	0.0000000	
31041.6089931	0.0000000	
31041.6091088	0.0000000	
31041.6092245	0.0000000	
31041.6093403	0.0000000	
31041.6094560	0.0000000	
31041.6095718	0.0000000	
31041.6096875	0.0000000	
31041.6098032	0.0000000	
31041.6099190	0.0000000	
31041.6100347	0.0000000	
31041.6101505	0.0000000	
31041.6102662	0.0000000	
31041.6103819	0.0000000	
31041.6104977	0.0000000	
31041.6106134	0.0000000	
31041.6107292	0.0000000	
31041.6108449	0.0000000	
31041.6109606	0.0000000	
31041.6110764	0.0000000	
31041.6111921	0.0000000	
31041.6113079	0.0000000	
31041.6114236	0.0000000	
31041.6115394	0.0000000	
31041.6116551	0.0000000	
31041.6117708	0.0000000	
31041.6118866	0.0000000	
31041.6120023	0.0000000	
31041.6121181	0.0000000	
31041.6122338	0.0000000	
31041.6123495	0.0000000	
31041.6124653	0.0000000	
31041.6125810	0.0000000	
31041.6126968	0.0000000	
31041.6128125	0.0000000	
31041.6129282	0.0000000	
31041.6130440	0.0000000	
31041.6131597	0.0000000	
31041.6132755	0.0000000	
31041.6133912	0.0000000	
31041.6135069	0.0000000	
31041.6136227	0.0000000	
31041.6137384	0.0000000	
31041.6138542	0.0000000	
31041.6139699	0.0000000	
31041.6140856	0.0000000	
31041.6142014	0.0000000	
31041.6143171	0.0000000	
31041.6144329	0.0000000	
31041.6145486	0.0000000	
31041.6146644	0.0000000	
31041.6147801	0.0000000	
31041.6148958	0.0000000	
31041.6150116	0.0000000	
31041.6151273	0.0000000	
31041.6152431	0.0000000	
31041.6153588	0.0000000	
31041.6154745	0.0000000	
31041.6155903	0.0000000	
31041.6157060	0.0000000	
31041.6158218	0.0000000	
31041.6159375	0.0000000	
31041.6160532	0.0000000	
31041.6161690	0.0000000	
31041.6162847	0.0000000	
31041.6164005	0.0000000	
31041.6165162	0.0000000	
31041.6166319	0.0000000	
31041.6167477	0.0000000	
31041.6168634	0.0000000	
31041.6169792	0.0000000	
31041.6170949	0.0000000	
31041.6172106	0.0000000	
31041.6173264	0.0000000	
31041.6174421	0.0000000	
31041.6175579	0.0000000	
31041.6176736	0.0000000	
31041.6177894	0.0000000	
31041.6179051	0.0000000	
31041.6180208	0.0000000	
31041.6181366	0.0000000	
31041.6182523	0.0000000	
31041.6183681	0.0000000	
31041.6184838	0.0000000	
31041.6185995	0.0000000	
31041.6187153	0.0000000	
31041.6188310	0.0000000	
31041.6189468	0.0000000	
31041.6190625	0.0000000	
31041.6191782	0.0000000	
31041.6192940	0.0000000	
31041.6194097	0.0000000	
31041.6195255	0.0000000	
31041.6196412	0.0000000	
31041.6197569	0.0000000	
31041.6198727	0.0000000	
31041.6199884	0.0000000	
31041.6201042	0.0000000	
31041.6202199	0.0000000	
31041.6203356	0.0000000	
31041.6204514	0.0000000	
31041.6205671	0.0000000	
31041.6206829	0.0000000	
31041.6207986	0.0000000	
31041.6209144	0.0000000	
31041.6210301	0.0000000	
31041.6211458	0.0000000	
31041.6212616	0.0000000	
31041.6213773	0.0000000	
31041.6214931	0.0000000	
31041.6216088	0.0000000	
31041.6217245	0.0000000	
31041.6218403	0.0000000	
31041.6219560	0.0000000	
31041.6220718	0.0000000	
31041.6221875	0.0000000	
31041.6223032	0.0000000	
31041.6224190	0.0000000	
31041.6225347	0.0000000	
31041.6226505	0.0000000	
31041.6227662	0.0000000	
31041.6228819	0.0000000	
31041.6229977	0.0000000	
31041.6231134	0.0000000	
31041.6232292	0.0000000	
31041.6233449	0.0000000	
31041.6234606	0.0000000	
31041.6235764	0.0000000	
31041.6236921	0.0000000	
31041.6238079	0.0000000	
31041.6239236	0.0000000	
31041.6240394	0.0000000	
31041.6241551	0.0000000	
31041.6242708	0.0000000	
31041.6243866	0.0000000	
31041.6245023	0.0000000	
31041.6246181	0.0000000	
31041.6247338	0.0000000	
31041.6248495	0.0000000	
31041.6249653	0.0000000	
31041.6250810	0.0000000	
31041.6251968	0.0000000	
31041.6253125	0.0000000	
31041.6254282	0.0000000	
31041.6255440	0.0000000	
31041.6256597	0.0000000	
31041.6257755	0.0000000	
31041.6258912	0.0000000	
31041.6260069	0.0000000	
31041.6261227	0.0000000	
31041.6262384	0.0000000	
31041.6263542	0.0000000	
31041.6264699	0.0000000	
31041.6265856	0.0000000	
31041.6267014	0.0000000	
31041.6268171	0.0000000	
31041.6269329	0.0000000	
31041.6270486	0.0000000	
31041.6271644	0.0000000	
31041.6272801	0.0000000	
31041.6273958	0.0000000	
31041.6275116	0.0000000	
31041.6276273	0.0000000	
31041.6277431	0.0000000	
31041.6278588	0.0000000	
31041.6279745	0.0000000	
31041.6280903	0.0000000	
31041.6282060	0.0000000	
31041.6283218	0.0000000	
31041.6284375	0.0000000	
31041.6285532	0.0000000	
31041.6286690	0.0000000	
31041.6287847	0.0000000	
31041.6289005	0.0000000	
31041.6290162	0.0000000	
31041.6291319	0.0000000	
31041.6292477	0.0000000	
31041.6293634	0.0000000	
31041.6294792	0.0000000	
31041.6295949	0.0000000	
31041.6297106	0.0000000	
31041.6298264	0.0000000	
31041.6299421	0.0000000	
31041.6300579	0.0000000	
31041.6301736	0.0000000	
31041.6302894	0.0000000	
31041.6304051	0.0000000	
31041.6305208	0.0000000	
31041.6306366	0.0000000	
31041.6307523	0.0000000	
31041.6308681	0.0000000	
31041.6309838	0.0000000	
31041.6310995	0.0000000	
31041.6312153	0.0000000	
31041.6313310	0.0000000	
31041.6314468	0.0000000	
31041.6315625	0.0000000	
31041.6316782	0.0000000	
31041.6317940	0.0000000	
31041.6319097	0.0000000	
31041.6320255	0.0000000	
31041.6321412	0.0000000	
31041.6322569	0.0000000	
31041.6323727	0.0000000	
31041.6324884	0.0000000	
31041.6326042	0.0000000	
31041.6327199	0.0000000	
31041.6328356	0.0000000	
31041.6329514	0.0000000	
31041.6330671	0.0000000	
31041.6331829	0.0000000	
31041.6332986	0.0000000	
31041.6334144	0.0000000	
31041.6335301	0.0000000	
31041.6336458	0.0000000	
31041.6337616	0.0000000	
31041.6338773	0.0000000	
31041.6339931	0.0000000	
31041.6341088	0.0000000	
31041.6342245	0.0000000	
31041.6343403	0.0000000	
31041.6344560	0.0000000	
31041.6345718	0.0000000	
31041.6346875	0.0000000	
31041.6348032	0.0000000	
31041.6349190	0.0000000	
31041.6350347	0.0000000	
31041.6351505	0.0000000	
31041.6352662	0.0000000	
31041.6353819	0.0000000	
31041.6354977	0.0000000	
31041.6356134	0.0000000	
31041.6357292	0.0000000	
31041.6358449	0.0000000	
31041.6359606	0.0000000	
31041.6360764	0.0000000	
31041.6361921	0.0000000	
31041.6363079	0.0000000	
31041.6364236	0.0000000	
31041.6365394	0.0000000	
31041.6366551	0.0000000	
31041.6367708	0.0000000	
31041.6368866	0.0000000	
31041.6370023	0.0000000	
31041.6371181	0.0000000	
31041.6372338	0.0000000	
31041.6373495	0.0000000	
31041.6374653	0.0000000	
31041.6375810	0.0000000	
31041.6376968	0.0000000	
31041.6378125	0.0000000	
31041.6379282	0.0000000	
31041.6380440	0.0000000	
31041.6381597	0.0000000	
31041.6382755	0.0000000	
31041.6383912	0.0000000	
31041.6385069	0.0000000	
31041.6386227	0.0000000	
31041.6387384	0.0000000	
31041.6388542	0.0000000	
31041.6389699	0.0000000	
31041.6390856	0.0000000	
31041.6392014	0.0000000	
31041.6393171	0.0000000	
31041.6394329	0.0000000	
31041.6395486	0.0000000	
31041.6396644	0.0000000	
31041.6397801	0.0000000	
31041.6398958	0.0000000	
31041.6400116	0.0000000	
31041.6401273	0.0000000	
31041.6402431	0.0000000	
31041.6403588	0.0000000	
31041.6404745	0.0000000	
31041.6405903	0.0000000	
31041.6407060	0.0000000	
31041.6408218	0.0000000	
31041.6409375	0.0000000	
31041.6410532	0.0000000	
31041.6411690	0.0000000	
31041.6412847	0.0000000	
31041.6414005	0.0000000	
31041.6415162	0.0000000	
31041.6416319	0.0000000	
31041.6417477	0.0000000	
31041.6418634	0.0000000	
31041.6419792	0.0000000	
31041.6420949	0.0000000	
31041.6422106	0.0000000	
31041.6423264	0.0000000	
31041.6424421	0.0000000	
31041.6425579	0.0000000	
31041.6426736	0.0000000	
31041.6427894	0.0000000	
31041.6429051	0.0000000	
31041.6430208	0.0000000	
31041.6431366	0.0000000	
31041.6432523	0.0000000	
31041.6433681	0.0000000	
31041.6434838	0.0000000	
31041.6435995	0.0000000	
31041.6437153	0.0000000	
31041.6438310	0.0000000	
31041.6439468	0.0000000	
31041.6440625	0.0000000	
31041.6441782	0.0000000	
31041.6442940	0.0000000	
31041.6444097	0.0000000	
31041.6445255	0.0000000	
31041.6446412	0.0000000	
31041.6447569	0.0000000	
31041.6448727	0.0000000	
31041.6449884	0.0000000	
31041.6451042	0.0000000	
31041.6452199	0.0000000	
31041.6453356	0.0000000	
31041.6454514	0.0000000	
31041.6455671	0.0000000	
31041.6456829	0.0000000	
31041.6457986	0.0000000	
31041.6459144	0.0000000	
31041.6460301	0.0000000	
31041.6461458	0.0000000	
31041.6462616	0.0000000	
31041.6463773	0.0000000	
31041.6464931	0.0000000	
31041.6466088	0.0000000	
31041.6467245	0.0000000	
31041.6468403	0.0000000	
31041.6469560	0.0000000	
31041.6470718	0.0000000	
31041.6471875	0.0000000	
31041.6473032	0.0000000	
31041.6474190	0.0000000	
31041.6475347	0.0000000	
31041.6476505	0.0000000	
31041.6477662	0.0000000	
31041.6478819	0.0000000	
31041.6479977	0.0000000	
31041.6481134	0.0000000	
31041.6482292	0.0000000	
31041.6483449	0.0000000	
31041.6484606	0.0000000	
31041.6485764	0.0000000	
31041.6486921	0.0000000	
31041.6488079	0.0000000	
31041.6489236	0.0000000	
31041.6490394	0.0000000	
31041.6491551	0.0000000	
31041.6492708	0.0000000	
31041.6493866	0.0000000	
31041.6495023	0.0000000	
31041.6496181	0.0000000	
31041.6497338	0.0000000	
31041.6498495	0.0000000	
31041.6499653	0.0000000	
31041.6500810	0.0000000	
31041.6501968	0.0000000	
31041.6503125	0.0000000	
31041.6504282	0.0000000	
31041.6505440	0.0000000	
31041.6506597	0.0000000	
31041.6507755	0.0000000	
31041.6508912	0.0000000	
31041.6510069	0.0000000	
31041.6511227	0.0000000	
31041.6512384	0.0000000	
31041.6513542	0.0000000	
31041.6514699	0.0000000	
31041.6515856	0.0000000	
31041.6517014	0.0000000	
31041.6518171	0.0000000	
31041.6519329	0.0000000	
31041.6520486	0.0000000	
31041.6521644	0.0000000	
31041.6522801	0.0000000	
31041.6523958	0.0000000	
31041.6525116	0.0000000	
31041.6526273	0.0000000	
31041.6527431	0.0000000	
31041.6528588	0.0000000	
31041.6529745	0.0000000	
31041.6530903	0.0000000	
31041.6532060	0.0000000	
31041.6533218	0.0000000	
31041.6534375	0.0000000	
31041.6535532	0.0000000	
31041.6536690	0.0000000	
31041.6537847	0.0000000	
31041.6539005	0.0000000	
31041.6540162	0.0000000	
31041.6541319	0.0000000	
31041.6542477	0.0000000	
31041.6543634	0.0000000	
31041.6544792	0.0000000	
31041.6545949	0.0000000	
31041.6547106	0.0000000	
31041.6548264	0.0000000	
31041.6549421	0.0000000	
31041.6550579	0.0000000	
31041.6551736	0.0000000	
31041.6552894	0.0000000	
31041.6554051	0.0000000	
31041.6555208	0.0000000	
31041.6556366	0.0000000	
31041.6557523	0.0000000	
31041.6558681	0.0000000	
31041.6559838	0.0000000	
31041.6560995	0.0000000	
31041.6562153	0.0000000	
31041.6563310	0.0000000	
31041.6564468	0.0000000	
31041.6565625	0.0000000	
31041.6566782	0.0000000	
31041.6567940	0.0000000	
31041.6569097	0.0000000	
31041.6570255	0.0000000	
31041.6571412	0.0000000	
31041.6572569	0.0000000	
31041.6573727	0.0000000	
31041.6574884	0.0000000	
31041.6576042	0.0000000	
31041.6577199	0.0000000	
31041.6578356	0.0000000	
31041.6579514	0.0000000	
31041.6580671	0.0000000	
31041.6581829	0.0000000	
31041.6582986	0.0000000	
31041.6584144	0.0000000	
31041.6585301	0.0000000	
31041.6586458	0.0000000	
31041.6587616	0.0000000	
31041.6588773	0.0000000	
31041.6589931	0.0000000	
31041.6591088	0.0000000	
31041.6592245	0.0000000	
31041.6593403	0.0000000	
31041.6594560	0.0000000	
31041.6595718	0.0000000	
31041.6596875	0.0000000	
31041.6598032	0.0000000	
31041.6599190	0.0000000	
31041.6600347	0.0000000	
31041.6601505	0.0000000	
31041.6602662	0.0000000	
31041.6603819	0.0000000	
31041.6604977	0.0000000	
31041.6606134	0.0000000	
31041.6607292	0.0000000	
31041.6608449	0.0000000	
31041.6609606	0.0000000	
31041.6610764	0.0000000	
31041.6611921	0.0000000	
31041.6613079	0.0000000	
31041.6614236	0.0000000	
31041.6615394	0.0000000	
31041.6616551	0.0000000	
31041.6617708	0.0000000	
31041.6618866	0.0000000	
31041.6620023	0.0000000	
31041.6621181	0.0000000	
31041.6622338	0.0000000	
31041.6623495	0.0000000	
31041.6624653	0.0000000	
31041.6625810	0.0000000	
31041.6626968	0.0000000	
31041.6628125	0.0000000	
31041.6629282	0.0000000	
31041.6630440	0.0000000	
31041.6631597	0.0000000	
31041.6632755	0.0000000	
31041.6633912	0.0000000	
31041.6635069	0.0000000	
31041.6636227	0.0000000	
31041.6637384	0.0000000	
31041.6638542	0.0000000	
31041.6639699	0.0000000	
31041.6640856	0.0000000	
31041.6642014	0.0000000	
31041.6643171	0.0000000	
31041.6644329	0.0000000	
31041.6645486	0.0000000	
31041.6646644	0.0000000	
31041.6647801	0.0000000	
31041.6648958	0.0000000	
31041.6650116	0.0000000	
31041.6651273	0.0000000	
31041.6652431	0.0000000	
31041.6653588	0.0000000	
31041.6654745	0.0000000	
31041.6655903	0.0000000	
31041.6657060	0.0000000	
31041.6658218	0.0000000	
31041.6659375	0.0000000	
31041.6660532	0.0000000	
31041.6661690	0.0000000	
31041.6662847	0.0000000	
31041.6664005	0.0000000	
31041.6665162	0.0000000	
31041.6666319	0.0000000	
31041.6667477	0.0000000	
31041.6668634	0.0000000	
31041.6669792	0.0000000	
31041.6670949	0.0000000	
31041.6672106	0.0000000	
31041.6673264	0.0000000	
31041.6674421	0.0000000	
31041.6675579	0.0000000	
31041.6676736	0.0000000	
31041.6677894	0.0000000	
31041.6679051	0.0000000	
31041.6680208	0.0000000	
31041.6681366	0.0000000	
31041.6682523	0.0000000	
31041.6683681	0.0000000	
31041.6684838	0.0000000	
31041.6685995	0.0000000	
31041.6687153	0.0000000	
31041.6688310	0.0000000	
31041.6689468	0.0000000	
31041.6690625	0.0000000	
31041.6691782	0.0000000	
31041.6692940	0.0000000	
31041.6694097	0.0000000	
31041.6695255	0.0000000	
31041.6696412	0.0000000	
31041.6697569	0.0000000	
31041.6698727	0.0000000	
31041.6699884	0.0000000	
31041.6701042	0.0000000	
31041.6702199	0.0000000	
31041.6703356	0.0000000	
31041.6704514	0.0000000	
31041.6705671	0.0000000	
31041.6706829	0.0000000	
31041.6707986	0.0000000	
31041.6709144	0.0000000	
31041.6710301	0.0000000	
31041.6711458	0.0000000	
31041.6712616	0.0000000	
31041.6713773	0.0000000	
31041.6714931	0.0000000	
31041.6716088	0.0000000	
31041.6717245	0.0000000	
31041.6718403	0.0000000	
31041.6719560	0.0000000	
31041.6720718	0.0000000	
31041.6721875	0.0000000	
31041.6723032	0.0000000	
31041.6724190	0.0000000	
31041.6725347	0.0000000	
31041.6726505	0.0000000	
31041.6727662	0.0000000	
31041.6728819	0.0000000	
31041.6729977	0.0000000	
31041.6731134	0.0000000	
31041.6732292	0.0000000	
31041.6733449	0.0000000	
31041.6734606	0.0000000	
31041.6735764	0.0000000	
31041.6736921	0.0000000	
31041.6738079	0.0000000	
31041.6739236	0.0000000	
31041.6740394	0.0000000	
31041.6741551	0.0000000	
31041.6742708	0.0000000	
31041.6743866	0.0000000	
31041.6745023	0.0000000	
31041.6746181	0.0000000	
31041.6747338	0.0000000	
31041.6748495	0.0000000	
31041.6749653	0.0000000	
31041.6750810	0.0000000	
31041.6751968	0.0000000	
31041.6753125	0.0000000	
31041.6754282	0.0000000	
31041.6755440	0.0000000	
31041.6756597	0.0000000	
31041.6757755	0.0000000	
31041.6758912	0.0000000	
31041.6760069	0.0000000	
31041.6761227	0.0000000	
31041.6762384	0.0000000	
31041.6763542	0.0000000	
31041.6764699	0.0000000	
31041.6765856	0.0000000	
31041.6767014	0.0000000	
31041.6768171	0.0000000	
31041.6769329	0.0000000	
31041.6770486	0.0000000	
31041.6771644	0.0000000	
31041.6772801	0.0000000	
31041.6773958	0.0000000	
31041.6775116	0.0000000	
31041.6776273	0.0000000	
31041.6777431	0.0000000	
31041.6778588	0.0000000	
31041.6779745	0.0000000	
31041.6780903	0.0000000	
31041.6782060	0.0000000	
31041.6783218	0.0000000	
31041.6784375	0.0000000	
31041.6785532	0.0000000	
31041.6786690	0.0000000	
31041.6787847	0.0000000	
31041.6789005	0.0000000	
31041.6790162	0.0000000	
31041.6791319	0.0000000	
31041.6792477	0.0000000	
31041.6793634	0.0000000	
31041.6794792	0.0000000	
31041.6795949	0.0000000	
31041.6797106	0.0000000	
31041.6798264	0.0000000	
31041.6799421	0.0000000	
31041.6800579	0.0000000	
31041.6801736	0.0000000	
31041.6802894	0.0000000	
31041.6804051	0.0000000	
31041.6805208	0.0000000	
31041.6806366	0.0000000	
31041.6807523	0.0000000	
31041.6808681	0.0000000	
31041.6809838	0.0000000	
31041.6810995	0.0000000	
31041.6812153	0.0000000	
31041.6813310	0.0000000	
31041.6814468	0.0000000	
31041.6815625	0.0000000	
31041.6816782	0.0000000	
31041.6817940	0.0000000	
31041.6819097	0.0000000	
31041.6820255	0.0000000	
31041.6821412	0.0000000	
31041.6822569	0.0000000	
31041.6823727	0.0000000	
31041.6824884	0.0000000	
31041.6826042	0.0000000	
31041.6827199	0.0000000	
31041.6828356	0.0000000	
31041.6829514	0.0000000	
31041.6830671	0.0000000	
31041.6831829	0.0000000	
31041.6832986	0.0000000	
31041.6834144	0.0000000	
31041.6835301	0.0000000	
31041.6836458	0.0000000	
31041.6837616	0.0000000	
31041.6838773	0.0000000	
31041.6839931	0.0000000	
31041.6841088	0.0000000	
31041.6842245	0.0000000	
31041.6843403	0.0000000	
31041.6844560	0.0000000	
31041.6845718	0.0000000	
31041.6846875	0.0000000	
31041.6848032	0.0000000	
31041.6849190	0.0000000	
31041.6850347	0.0000000	
31041.6851505	0.0000000	
31041.6852662	0.0000000	
31041.6853819	0.0000000	
31041.6854977	0.0000000	
31041.6856134	0.0000000	
31041.6857292	0.0000000	
31041.6858449	0.0000000	
31041.6859606	0.0000000	
31041.6860764	0.0000000	
31041.6861921	0.0000000	
31041.6863079	0.0000000	
31041.6864236	0.0000000	
31041.6865394	0.0000000	
31041.6866551	0.0000000	
31041.6867708	0.0000000	
31041.6868866	0.0000000	
31041.6870023	0.0000000	
31041.6871181	0.0000000	
31041.6872338	0.0000000	
31041.6873495	0.0000000	
31041.6874653	0.0000000	
31041.6875810	0.0000000	
31041.6876968	0.0000000	
31041.6878125	0.0000000	
31041.6879282	0.0000000	
31041.6880440	0.0000000	
31041.6881597	0.0000000	
31041.6882755	0.0000000	
31041.6883912	0.0000000	
31041.6885069	0.0000000	
31041.6886227	0.0000000	
31041.6887384	0.0000000	
31041.6888542	0.0000000	
31041.6889699	0.0000000	
31041.6890856	0.0000000	
31041.6892014	0.0000000	
31041.6893171	0.0000000	
31041.6894329	0.0000000	
31041.6895486	0.0000000	
31041.6896644	0.0000000	
31041.6897801	0.0000000	
31041.6898958	0.0000000	
31041.6900116	0.0000000	
31041.6901273	0.0000000	
31041.6902431	0.0000000	
31041.6903588	0.0000000	
31041.6904745	0.0000000	
31041.6905903	0.0000000	
31041.6907060	0.0000000	
31041.6908218	0.0000000	
31041.6909375	0.0000000	
31041.6910532	0.0000000	
31041.6911690	0.0000000	
31041.6912847	0.0000000	
31041.6914005	0.0000000	
31041.6915162	0.0000000	
31041.6916319	0.0000000	
31041.6917477	0.0000000	
31041.6918634	0.0000000	
31041.6919792	0.0000000	
31041.6920949	0.0000000	
31041.6922106	0.0000000	
31041.6923264	0.0000000	
31041.6924421	0.0000000	
31041.6925579	0.0000000	
31041.6926736	0.0000000	
31041.6927894	0.0000000	
31041.6929051	0.0000000	
31041.6930208	0.0000000	
31041.6931366	0.0000000	
31041.6932523	0.0000000	
31041.6933681	0.0000000	
31041.6934838	0.0000000	
31041.6935995	0.0000000	
31041.6937153	0.0000000	
31041.6938310	0.0000000	
31041.6939468	0.0000000	
31041.6940625	0.0000000	
31041.6941782	0.0000000	
31041.6942940	0.0000000	
31041.6944097	0.0000000	
31041.6945255	0.0000000	
31041.6946412	0.0000000	
31041.6947569	0.0000000	
31041.6948727	0.0000000	
31041.6949884	0.0000000	
31041.6951042	0.0000000	
31041.6952199	0.0000000	
31041.6953356	0.0000000	
31041.6954514	0.0000000	
31041.6955671	0.0000000	
31041.6956829	0.0000000	
31041.6957986	0.0000000	
31041.6959144	0.0000000	
31041.6960301	0.0000000	
31041.6961458	0.0000000	
31041.6962616	0.0000000	
31041.6963773	0.0000000	
31041.6964931	0.0000000	
31041.6966088	0.0000000	
31041.6967245	0.0000000	
31041.6968403	0.0000000	
31041.6969560	0.0000000	
31041.6970718	0.0000000	
31041.6971875	0.0000000	
31041.6973032	0.0000000	
31041.6974190	0.0000000	
31041.6975347	0.0000000	
31041.6976505	0.0000000	
31041.6977662	0.0000000	
31041.6978819	0.0000000	
31041.6979977	0.0000000	
31041.6981134	0.0000000	
31041.6982292	0.0000000	
31041.6983449	0.0000000	
31041.6984606	0.0000000	
31041.6985764	0.0000000	
31041.6986921	0.0000000	
31041.6988079	0.0000000	
31041.6989236	0.0000000	
31041.6990394	0.0000000	
31041.6991551	0.0000000	
31041.6992708	0.0000000	
31041.6993866	0.0000000	
31041.6995023	0.0000000	
31041.6996181	0.0000000	
31041.6997338	0.0000000	
31041.6998495	0.0000000	
31041.6999653	0.0000000	
31041.7000810	0.0000000	
31041.7001968	0.0000000	
31041.7003125	0.0000000	
31041.7004282	0.0000000	
31041.7005440	0.0000000	
31041.7006597	0.0000000	
31041.7007755	0.0000000	
31041.7008912	0.0000000	
31041.7010069	0.0000000	
31041.7011227	0.0000000	
31041.7012384	0.0000000	
31041.7013542	0.0000000	
31041.7014699	0.0000000	
31041.7015856	0.0000000	
31041.7017014	0.0000000	
31041.7018171	0.0000000	
31041.7019329	0.0000000	
31041.7020486	0.0000000	
31041.7021644	0.0000000	
31041.7022801	0.0000000	
31041.7023958	0.0000000	
31041.7025116	0.0000000	
31041.7026273	0.0000000	
31041.7027431	0.0000000	
31041.7028588	1.0000000	
31041.7029745	1.0000000	
31041.7030903	1.0000000	
31041.7032060	1.0000000	
31041.7033218	1.0000000	
31041.7034375	1.0000000	
31041.7035532	1.0000000	
31041.7036690	1.0000000	
31041.7037847	1.0000000	
31041.7039005	1.0000000	
31041.7040162	1.0000000	
31041.7041319	1.0000000	
31041.7042477	1.0000000	
31041.7043634	1.0000000	
31041.7044792	1.0000000	
31041.7045949	1.0000000	
31041.7047106	1.0000000	
31041.7048264	1.0000000	
31041.7049421	1.0000000	
31041.7050579	1.0000000	
31041.7051736	1.0000000	
31041.7052894	1.0000000	
31041.7054051	1.0000000	
31041.7055208	1.0000000	
31041.7056366	1.0000000	
31041.7057523	1.0000000	
31041.7058681	1.0000000	
31041.7059838	1.0000000	
31041.7060995	1.0000000	
31041.7062153	1.0000000	
31041.7063310	1.0000000	
31041.7064468	1.0000000	
31041.7065625	1.0000000	
31041.7066782	1.0000000	
31041.7067940	1.0000000	
31041.7069097	1.0000000	
31041.7070255	1.0000000	
31041.7071412	1.0000000	
31041.7072569	1.0000000	
31041.7073727	1.0000000	
31041.7074884	1.0000000	
31041.7076042	1.0000000	
31041.7077199	1.0000000	
31041.7078356	1.0000000	
31041.7079514	1.0000000	
31041.7080671	0.0000000	
31041.7081829	0.0000000	
31041.7082986	0.0000000	
31041.7084144	0.0000000	
31041.7085301	0.0000000	
31041.7086458	0.0000000	
31041.7087616	0.0000000	
31041.7088773	0.0000000	
31041.7089931	0.0000000	
31041.7091088	0.0000000	
31041.7092245	0.0000000	
31041.7093403	0.0000000	
31041.7094560	0.0000000	
31041.7095718	0.0000000	
31041.7096875	0.0000000	
31041.7098032	0.0000000	
31041.7099190	0.0000000	
31041.7100347	0.0000000	
31041.7101505	0.0000000	
31041.7102662	0.0000000	
31041.7103819	0.0000000	
31041.7104977	0.0000000	
31041.7106134	0.0000000	
31041.7107292	0.0000000	
31041.7108449	0.0000000	
31041.7109606	0.0000000	
31041.7110764	0.0000000	
31041.7111921	0.0000000	
31041.7113079	0.0000000	
31041.7114236	0.0000000	
31041.7115394	0.0000000	
31041.7116551	0.0000000	
31041.7117708	0.0000000	
31041.7118866	0.0000000	
31041.7120023	0.0000000	
31041.7121181	0.0000000	
31041.7122338	0.0000000	
31041.7123495	0.0000000	
31041.7124653	0.0000000	
31041.7125810	0.0000000	
31041.7126968	0.0000000	
31041.7128125	0.0000000	
31041.7129282	0.0000000	
31041.7130440	0.0000000	
31041.7131597	0.0000000	
31041.7132755	0.0000000	
31041.7133912	0.0000000	
31041.7135069	0.0000000	
31041.7136227	0.0000000	
31041.7137384	0.0000000	
31041.7138542	0.0000000	
31041.7139699	0.0000000	
31041.7140856	0.0000000	
31041.7142014	0.0000000	
31041.7143171	0.0000000	
31041.7144329	0.0000000	
31041.7145486	0.0000000	
31041.7146644	0.0000000	
31041.7147801	0.0000000	
31041.7148958	0.0000000	
31041.7150116	0.0000000	
31041.7151273	0.0000000	
31041.7152431	0.0000000	
31041.7153588	0.0000000	
31041.7154745	0.0000000	
31041.7155903	0.0000000	
31041.7157060	0.0000000	
31041.7158218	0.0000000	
31041.7159375	0.0000000	
31041.7160532	0.0000000	
31041.7161690	0.0000000	
31041.7162847	0.0000000	
31041.7164005	0.0000000	
31041.7165162	0.0000000	
31041.7166319	0.0000000	
31041.7167477	0.0000000	
31041.7168634	0.0000000	
31041.7169792	0.0000000	
31041.7170949	0.0000000	
31041.7172106	0.0000000	
31041.7173264	0.0000000	
31041.7174421	0.0000000	
31041.7175579	0.0000000	
31041.7176736	0.0000000	
31041.7177894	0.0000000	
31041.7179051	0.0000000	
31041.7180208	0.0000000	
31041.7181366	0.0000000	
31041.7182523	0.0000000	
31041.7183681	0.0000000	
31041.7184838	0.0000000	
31041.7185995	0.0000000	
31041.7187153	0.0000000	
31041.7188310	0.0000000	
31041.7189468	0.0000000	
31041.7190625	0.0000000	
31041.7191782	0.0000000	
31041.7192940	0.0000000	
31041.7194097	0.0000000	
31041.7195255	0.0000000	
31041.7196412	0.0000000	
31041.7197569	0.0000000	
31041.7198727	0.0000000	
31041.7199884	0.0000000	
31041.7201042	0.0000000	
31041.7202199	0.0000000	
31041.7203356	0.0000000	
31041.7204514	0.0000000	
31041.7205671	0.0000000	
31041.7206829	0.0000000	
31041.7207986	0.0000000	
31041.7209144	0.0000000	
31041.7210301	0.0000000	
31041.7211458	0.0000000	
31041.7212616	0.0000000	
31041.7213773	0.0000000	
31041.7214931	0.0000000	
31041.7216088	0.0000000	
31041.7217245	0.0000000	
31041.7218403	0.0000000	
31041.7219560	0.0000000	
31041.7220718	0.0000000	
31041.7221875	0.0000000	
31041.7223032	0.0000000	
31041.7224190	0.0000000	
31041.7225347	0.0000000	
31041.7226505	0.0000000	
31041.7227662	0.0000000	
31041.7228819	0.0000000	
31041.7229977	0.0000000	
31041.7231134	0.0000000	
31041.7232292	0.0000000	
31041.7233449	0.0000000	
31041.7234606	0.0000000	
31041.7235764	0.0000000	
31041.7236921	0.0000000	
31041.7238079	0.0000000	
31041.7239236	0.0000000	
31041.7240394	0.0000000	
31041.7241551	0.0000000	
31041.7242708	0.0000000	
31041.7243866	0.0000000	
31041.7245023	0.0000000	
31041.7246181	0.0000000	
31041.7247338	0.0000000	
31041.7248495	0.0000000	
31041.7249653	0.0000000	
31041.7250810	0.0000000	
31041.7251968	0.0000000	
31041.7253125	0.0000000	
31041.7254282	0.0000000	
31041.7255440	0.0000000	
31041.7256597	0.0000000	
31041.7257755	0.0000000	
31041.7258912	0.0000000	
31041.7260069	0.0000000	
31041.7261227	0.0000000	
31041.7262384	0.0000000	
31041.7263542	0.0000000	
31041.7264699	0.0000000	
31041.7265856	0.0000000	
31041.7267014	0.0000000	
31041.7268171	0.0000000	
31041.7269329	0.0000000	
31041.7270486	0.0000000	
31041.7271644	0.0000000	
31041.7272801	0.0000000	
31041.7273958	0.0000000	
31041.7275116	0.0000000	
31041.7276273	0.0000000	
31041.7277431	0.0000000	
31041.7278588	0.0000000	
31041.7279745	0.0000000	
31041.7280903	0.0000000	
31041.7282060	0.0000000	
31041.7283218	0.0000000	
31041.7284375	0.0000000	
31041.7285532	0.0000000	
31041.7286690	0.0000000	
31041.7287847	0.0000000	
31041.7289005	0.0000000	
31041.7290162	0.0000000	
31041.7291319	0.0000000	
31041.7292477	0.0000000	
31041.7293634	0.0000000	
31041.7294792	0.0000000	
31041.7295949	0.0000000	
31041.7297106	0.0000000	
31041.7298264	0.0000000	
31041.7299421	0.0000000	
31041.7300579	0.0000000	
31041.7301736	0.0000000	
31041.7302894	0.0000000	
31041.7304051	0.0000000	
31041.7305208	0.0000000	
31041.7306366	0.0000000	
31041.7307523	0.0000000	
31041.7308681	0.0000000	
31041.7309838	0.0000000	
31041.7310995	0.0000000	
31041.7312153	0.0000000	
31041.7313310	0.0000000	
31041.7314468	0.0000000	
31041.7315625	0.0000000	
31041.7316782	0.0000000	
31041.7317940	0.0000000	
31041.7319097	0.0000000	
31041.7320255	0.0000000	
31041.7321412	0.0000000	
31041.7322569	0.0000000	
31041.7323727	0.0000000	
31041.7324884	0.0000000	
31041.7326042	0.0000000	
31041.7327199	0.0000000	
31041.7328356	0.0000000	
31041.7329514	0.0000000	
31041.7330671	0.0000000	
31041.7331829	0.0000000	
31041.7332986	0.0000000	
31041.7334144	0.0000000	
31041.7335301	0.0000000	
31041.7336458	0.0000000	
31041.7337616	0.0000000	
31041.7338773	0.0000000	
31041.7339931	0.0000000	
31041.7341088	0.0000000	
31041.7342245	0.0000000	
31041.7343403	0.0000000	
31041.7344560	0.0000000	
31041.7345718	0.0000000	
31041.7346875	0.0000000	
31041.7348032	0.0000000	
31041.7349190	0.0000000	
31041.7350347	0.0000000	
31041.7351505	0.0000000	
31041.7352662	0.0000000	
31041.7353819	0.0000000	
31041.7354977	0.0000000	
31041.7356134	0.0000000	
31041.7357292	0.0000000	
31041.7358449	0.0000000	
31041.7359606	0.0000000	
31041.7360764	0.0000000	
31041.7361921	0.0000000	
31041.7363079	0.0000000	
31041.7364236	0.0000000	
31041.7365394	0.0000000	
31041.7366551	0.0000000	
31041.7367708	0.0000000	
31041.7368866	0.0000000	
31041.7370023	0.0000000	
31041.7371181	0.0000000	
31041.7372338	0.0000000	
31041.7373495	0.0000000	
31041.7374653	0.0000000	
31041.7375810	0.0000000	
31041.7376968	0.0000000	
31041.7378125	0.0000000	
31041.7379282	0.0000000	
31041.7380440	0.0000000	
31041.7381597	0.0000000	
31041.7382755	0.0000000	
31041.7383912	0.0000000	
31041.7385069	0.0000000	
31041.7386227	0.0000000	
31041.7387384	0.0000000	
31041.7388542	0.0000000	
31041.7389699	0.0000000	
31041.7390856	0.0000000	
31041.7392014	0.0000000	
31041.7393171	0.0000000	
31041.7394329	0.0000000	
31041.7395486	0.0000000	
31041.7396644	0.0000000	
31041.7397801	0.0000000	
31041.7398958	0.0000000	
31041.7400116	0.0000000	
31041.7401273	0.0000000	
31041.7402431	0.0000000	
31041.7403588	0.0000000	
31041.7404745	0.0000000	
31041.7405903	0.0000000	
31041.7407060	0.0000000	
31041.7408218	0.0000000	
31041.7409375	0.0000000	
31041.7410532	0.0000000	
31041.7411690	0.0000000	
31041.7412847	0.0000000	
31041.7414005	0.0000000	
31041.7415162	0.0000000	
31041.7416319	0.0000000	
31041.7417477	0.0000000	
31041.7418634	0.0000000	
31041.7419792	0.0000000	
31041.7420949	0.0000000	
31041.7422106	0.0000000	
31041.7423264	0.0000000	
31041.7424421	0.0000000	
31041.7425579	0.0000000	
31041.7426736	0.0000000	
31041.7427894	0.0000000	
31041.7429051	0.0000000	
31041.7430208	0.0000000	
31041.7431366	0.0000000	
31041.7432523	0.0000000	
31041.7433681	0.0000000	
31041.7434838	0.0000000	
31041.7435995	0.0000000	
31041.7437153	0.0000000	
31041.7438310	0.0000000	
31041.7439468	0.0000000	
31041.7440625	0.0000000	
31041.7441782	0.0000000	
31041.7442940	0.0000000	
31041.7444097	0.0000000	
31041.7445255	0.0000000	
31041.7446412	0.0000000	
31041.7447569	0.0000000	
31041.7448727	0.0000000	
31041.7449884	0.0000000	
31041.7451042	0.0000000	
31041.7452199	0.0000000	
31041.7453356	0.0000000	
31041.7454514	0.0000000	
31041.7455671	0.0000000	
31041.7456829	0.0000000	
31041.7457986	0.0000000	
31041.7459144	0.0000000	
31041.7460301	0.0000000	
31041.7461458	0.0000000	
31041.7462616	0.0000000	
31041.7463773	0.0000000	
31041.7464931	0.0000000	
31041.7466088	0.0000000	
31041.7467245	0.0000000	
31041.7468403	0.0000000	
31041.7469560	0.0000000	
31041.7470718	0.0000000	
31041.7471875	0.0000000	
31041.7473032	0.0000000	
31041.7474190	0.0000000	
31041.7475347	0.0000000	
31041.7476505	0.0000000	
31041.7477662	0.0000000	
31041.7478819	0.0000000	
31041.7479977	0.0000000	
31041.7481134	0.0000000	
31041.7482292	0.0000000	
31041.7483449	0.0000000	
31041.7484606	0.0000000	
31041.7485764	0.0000000	
31041.7486921	0.0000000	
31041.7488079	0.0000000	
31041.7489236	0.0000000	
31041.7490394	0.0000000	
31041.7491551	0.0000000	
31041.7492708	0.0000000	
31041.7493866	0.0000000	
31041.7495023	0.0000000	
31041.7496181	0.0000000	
31041.7497338	0.0000000	
31041.7498495	0.0000000	
31041.7499653	0.0000000	
31041.7500810	0.0000000	
31041.7501968	0.0000000	
31041.7503125	0.0000000	
31041.7504282	0.0000000	
31041.7505440	0.0000000	
31041.7506597	0.0000000	
31041.7507755	0.0000000	
31041.7508912	0.0000000	
31041.7510069	0.0000000	
31041.7511227	0.0000000	
31041.7512384	0.0000000	
31041.7513542	0.0000000	
31041.7514699	0.0000000	
31041.7515856	0.0000000	
31041.7517014	0.0000000	
31041.7518171	0.0000000	
31041.7519329	0.0000000	
31041.7520486	0.0000000	
31041.7521644	0.0000000	
31041.7522801	0.0000000	
31041.7523958	0.0000000	
31041.7525116	0.0000000	
31041.7526273	0.0000000	
31041.7527431	0.0000000	
31041.7528588	0.0000000	
31041.7529745	0.0000000	
31041.7530903	0.0000000	
31041.7532060	0.0000000	
31041.7533218	0.0000000	
31041.7534375	0.0000000	
31041.7535532	0.0000000	
31041.7536690	0.0000000	
31041.7537847	0.0000000	
31041.7539005	0.0000000	
31041.7540162	0.0000000	
31041.7541319	0.0000000	
31041.7542477	0.0000000	
31041.7543634	0.0000000	
31041.7544792	0.0000000	
31041.7545949	0.0000000	
31041.7547106	0.0000000	
31041.7548264	0.0000000	
31041.7549421	0.0000000	
31041.7550579	0.0000000	
31041.7551736	0.0000000	
31041.7552894	0.0000000	
31041.7554051	0.0000000	
31041.7555208	0.0000000	
31041.7556366	0.0000000	
31041.7557523	0.0000000	
31041.7558681	0.0000000	
31041.7559838	0.0000000	
31041.7560995	0.0000000	
31041.7562153	0.0000000	
31041.7563310	0.0000000	
31041.7564468	0.0000000	
31041.7565625	0.0000000	
31041.7566782	0.0000000	
31041.7567940	0.0000000	
31041.7569097	0.0000000	
31041.7570255	0.0000000	
31041.7571412	0.0000000	
31041.7572569	0.0000000	
31041.7573727	0.0000000	
31041.7574884	0.0000000	
31041.7576042	0.0000000	
31041.7577199	0.0000000	
31041.7578356	0.0000000	
31041.7579514	0.0000000	
31041.7580671	0.0000000	
31041.7581829	0.0000000	
31041.7582986	0.0000000	
31041.7584144	0.0000000	
31041.7585301	0.0000000	
31041.7586458	0.0000000	
31041.7587616	0.0000000	
31041.7588773	0.0000000	
31041.7589931	0.0000000	
31041.7591088	0.0000000	
31041.7592245	0.0000000	
31041.7593403	0.0000000	
31041.7594560	0.0000000	
31041.7595718	0.0000000	
31041.7596875	0.0000000	
31041.7598032	0.0000000	
31041.7599190	0.0000000	
31041.7600347	0.0000000	
31041.7601505	0.0000000	
31041.7602662	0.0000000	
31041.7603819	0.0000000	
31041.7604977	0.0000000	
31041.7606134	0.0000000	
31041.7607292	0.0000000	
31041.7608449	0.0000000	
31041.7609606	0.0000000	
31041.7610764	0.0000000	
31041.7611921	0.0000000	
31041.7613079	0.0000000	
31041.7614236	0.0000000	
31041.7615394	0.0000000	
31041.7616551	0.0000000	
31041.7617708	0.0000000	
31041.7618866	0.0000000	
31041.7620023	0.0000000	
31041.7621181	0.0000000	
31041.7622338	0.0000000	
31041.7623495	0.0000000	
31041.7624653	0.0000000	
31041.7625810	0.0000000	
31041.7626968	0.0000000	
31041.7628125	0.0000000	
31041.7629282	0.0000000	
31041.7630440	0.0000000	
31041.7631597	0.0000000	
31041.7632755	0.0000000	
31041.7633912	0.0000000	
31041.7635069	0.0000000	
31041.7636227	0.0000000	
31041.7637384	0.0000000	
31041.7638542	0.0000000	
31041.7639699	0.0000000	
31041.7640856	0.0000000	
31041.7642014	0.0000000	
31041.7643171	0.0000000	
31041.7644329	0.0000000	
31041.7645486	0.0000000	
31041.7646644	0.0000000	
31041.7647801	0.0000000	
31041.7648958	0.0000000	
31041.7650116	0.0000000	
31041.7651273	0.0000000	
31041.7652431	0.0000000	
31041.7653588	0.0000000	
31041.7654745	0.0000000	
31041.7655903	0.0000000	
31041.7657060	0.0000000	
31041.7658218	0.0000000	
31041.7659375	0.0000000	
31041.7660532	0.0000000	
31041.7661690	0.0000000	
31041.7662847	0.0000000	
31041.7664005	0.0000000	
31041.7665162	0.0000000	
31041.7666319	0.0000000	
31041.7667477	0.0000000	
31041.7668634	0.0000000	
31041.7669792	0.0000000	
31041.7670949	0.0000000	
31041.7672106	0.0000000	
31041.7673264	0.0000000	
31041.7674421	0.0000000	
31041.7675579	0.0000000	
31041.7676736	0.0000000	
31041.7677894	0.0000000	
31041.7679051	0.0000000	
31041.7680208	0.0000000	
31041.7681366	0.0000000	
31041.7682523	0.0000000	
31041.7683681	0.0000000	
31041.7684838	0.0000000	
31041.7685995	0.0000000	
31041.7687153	0.0000000	
31041.7688310	0.0000000	
31041.7689468	0.0000000	
31041.7690625	0.0000000	
31041.7691782	0.0000000	
31041.7692940	0.0000000	
31041.7694097	0.0000000	
31041.7695255	0.0000000	
31041.7696412	0.0000000	
31041.7697569	0.0000000	
31041.7698727	0.0000000	
31041.7699884	0.0000000	
31041.7701042	0.0000000	
31041.7702199	0.0000000	
31041.7703356	0.0000000	
31041.7704514	0.0000000	
31041.7705671	0.0000000	
31041.7706829	0.0000000	
31041.7707986	0.0000000	
31041.7709144	0.0000000	
31041.7710301	0.0000000	
31041.7711458	0.0000000	
31041.7712616	0.0000000	
31041.7713773	0.0000000	
31041.7714931	0.0000000	
31041.7716088	0.0000000	
31041.7717245	0.0000000	
31041.7718403	0.0000000	
31041.7719560	0.0000000	
31041.7720718	0.0000000	
31041.7721875	0.0000000	
31041.7723032	0.0000000	
31041.7724190	0.0000000	
31041.7725347	0.0000000	
31041.7726505	0.0000000	
31041.7727662	0.0000000	
31041.7728819	0.0000000	
31041.7729977	0.0000000	
31041.7731134	0.0000000	
31041.7732292	0.0000000	
31041.7733449	0.0000000	
31041.7734606	0.0000000	
31041.7735764	0.0000000	
31041.7736921	0.0000000	
31041.7738079	0.0000000	
31041.7739236	0.0000000	
31041.7740394	0.0000000	
31041.7741551	0.0000000	
31041.7742708	0.0000000	
31041.7743866	0.0000000	
31041.7745023	0.0000000	
31041.7746181	0.0000000	
31041.7747338	0.0000000	
31041.7748495	0.0000000	
31041.7749653	0.0000000	
31041.7750810	0.0000000	
31041.7751968	0.0000000	
31041.7753125	0.0000000	
31041.7754282	0.0000000	
31041.7755440	0.0000000	
31041.7756597	0.0000000	
31041.7757755	0.0000000	
31041.7758912	0.0000000	
31041.7760069	0.0000000	
31041.7761227	0.0000000	
31041.7762384	0.0000000	
31041.7763542	0.0000000	
31041.7764699	0.0000000	
31041.7765856	0.0000000	
31041.7767014	0.0000000	
31041.7768171	0.0000000	
31041.7769329	0.0000000	
31041.7770486	0.0000000	
31041.7771644	0.0000000	
31041.7772801	0.0000000	
31041.7773958	0.0000000	
31041.7775116	0.0000000	
31041.7776273	0.0000000	
31041.7777431	0.0000000	
31041.7778588	0.0000000	
31041.7779745	0.0000000	
31041.7780903	0.0000000	
31041.7782060	0.0000000	
31041.7783218	0.0000000	
31041.7784375	0.0000000	
31041.7785532	0.0000000	
31041.7786690	0.0000000	
31041.7787847	0.0000000	
31041.7789005	0.0000000	
31041.7790162	0.0000000	
31041.7791319	0.0000000	
31041.7792477	0.0000000	
31041.7793634	0.0000000	
31041.7794792	0.0000000	
31041.7795949	0.0000000	
31041.7797106	0.0000000	
31041.7798264	0.0000000	
31041.7799421	0.0000000	
31041.7800579	0.0000000	
31041.7801736	0.0000000	
31041.7802894	0.0000000	
31041.7804051	0.0000000	
31041.7805208	0.0000000	
31041.7806366	0.0000000	
31041.7807523	0.0000000	
31041.7808681	0.0000000	
31041.7809838	0.0000000	
31041.7810995	0.0000000	
31041.7812153	0.0000000	
31041.7813310	0.0000000	
31041.7814468	0.0000000	
31041.7815625	0.0000000	
31041.7816782	0.0000000	
31041.7817940	0.0000000	
31041.7819097	0.0000000	
31041.7820255	0.0000000	
31041.7821412	0.0000000	
31041.7822569	0.0000000	
31041.7823727	0.0000000	
31041.7824884	0.0000000	
31041.7826042	0.0000000	
31041.7827199	0.0000000	
31041.7828356	0.0000000	
31041.7829514	0.0000000	
31041.7830671	0.0000000	
31041.7831829	0.0000000	
31041.7832986	0.0000000	
31041.7834144	0.0000000	
31041.7835301	0.0000000	
31041.7836458	0.0000000	
31041.7837616	0.0000000	
31041.7838773	0.0000000	
31041.7839931	0.0000000	
31041.7841088	0.0000000	
31041.7842245	0.0000000	
31041.7843403	0.0000000	
31041.7844560	0.0000000	
31041.7845718	0.0000000	
31041.7846875	0.0000000	
31041.7848032	0.0000000	
31041.7849190	0.0000000	
31041.7850347	0.0000000	
31041.7851505	0.0000000	
31041.7852662	0.0000000	
31041.7853819	0.0000000	
31041.7854977	0.0000000	
31041.7856134	0.0000000	
31041.7857292	0.0000000	
31041.7858449	0.0000000	
31041.7859606	0.0000000	
31041.7860764	0.0000000	
31041.7861921	0.0000000	
31041.7863079	0.0000000	
31041.7864236	0.0000000	
31041.7865394	0.0000000	
31041.7866551	0.0000000	
31041.7867708	0.0000000	
31041.7868866	0.0000000	
31041.7870023	0.0000000	
31041.7871181	0.0000000	
31041.7872338	0.0000000	
31041.7873495	0.0000000	
31041.7874653	0.0000000	
31041.7875810	0.0000000	
31041.7876968	0.0000000	
31041.7878125	0.0000000	
31041.7879282	0.0000000	
31041.7880440	0.0000000	
31041.7881597	0.0000000	
31041.7882755	0.0000000	
31041.7883912	0.0000000	
31041.7885069	0.0000000	
31041.7886227	0.0000000	
31041.7887384	0.0000000	
31041.7888542	0.0000000	
31041.7889699	0.0000000	
31041.7890856	0.0000000	
31041.7892014	0.0000000	
31041.7893171	0.0000000	
31041.7894329	0.0000000	
31041.7895486	0.0000000	
31041.7896644	0.0000000	
31041.7897801	0.0000000	
31041.7898958	0.0000000	
31041.7900116	0.0000000	
31041.7901273	0.0000000	
31041.7902431	0.0000000	
31041.7903588	0.0000000	
31041.7904745	0.0000000	
31041.7905903	0.0000000	
31041.7907060	0.0000000	
31041.7908218	0.0000000	
31041.7909375	0.0000000	
31041.7910532	0.0000000	
31041.7911690	0.0000000	
31041.7912847	0.0000000	
31041.7914005	0.0000000	
31041.7915162	0.0000000	
31041.7916319	0.0000000	
31041.7917477	0.0000000	
31041.7918634	0.0000000	
31041.7919792	0.0000000	
31041.7920949	0.0000000	
31041.7922106	0.0000000	
31041.7923264	0.0000000	
31041.7924421	0.0000000	
31041.7925579	0.0000000	
31041.7926736	0.0000000	
31041.7927894	0.0000000	
31041.7929051	0.0000000	
31041.7930208	0.0000000	
31041.7931366	0.0000000	
31041.7932523	0.0000000	
31041.7933681	0.0000000	
31041.7934838	0.0000000	
31041.7935995	0.0000000	
31041.7937153	0.0000000	
31041.7938310	0.0000000	
31041.7939468	0.0000000	
31041.7940625	0.0000000	
31041.7941782	0.0000000	
31041.7942940	0.0000000	
31041.7944097	0.0000000	
31041.7945255	0.0000000	
31041.7946412	0.0000000	
31041.7947569	0.0000000	
31041.7948727	0.0000000	
31041.7949884	0.0000000	
31041.7951042	0.0000000	
31041.7952199	0.0000000	
31041.7953356	0.0000000	
